223789 213163 1341100972 MT
223789 213163 1341100972 RE
376989 50329 1341101181 RT
26375 168366 1341101183 MT
376989 13813 1341101192 RT
453850 8 1341101208 RT
422097 8 1341101251 MTr
99258 50329 1341101263 RT
184615 364376 1341101523 MT
184615 364376 1341101523 RE
184615 364375 1341101523 MT
92153 60337 1341101596 MT
75083 84647 1341101732 RT
75083 42182 1341101732 MT
364376 184615 1341101750 MT
364376 184615 1341101750 RE
442071 26139 1341101834 MT
163149 2417 1341101861 MT
33946 2417 1341101892 MT
10284 33946 1341102030 MT
10284 2417 1341102030 MT
325821 8 1341102141 RT
176481 2417 1341102251 MT
222533 38224 1341102286 MT
380338 519 1341102458 MT
5393 26637 1341102663 MT
5393 5393 1341102663 MT
104321 238279 1341102794 RT
408376 8 1341102802 RT
4665 92153 1341102864 MT
325916 325915 1341103100 MT
325916 325915 1341103100 RE
325915 325916 1341103149 MT
325915 325915 1341103149 MT
247125 463 1341103262 RT
325916 325915 1341103328 MT
325916 325915 1341103328 RE
224480 93318 1341103333 RT
50219 4665 1341103424 MT
50219 92153 1341103424 MT
205864 244881 1341103442 MT
205864 244881 1341103442 RE
47619 8 1341103646 RT
132827 26139 1341103664 MT
93269 93306 1341103681 MT
134554 33946 1341103868 RT
134554 2417 1341103868 MT
300856 18038 1341104008 MT
300856 18038 1341104008 RE
300856 511 1341104008 MT
206362 64911 1341104114 RT
18626 26375 1341104206 MT
168365 26375 1341104222 MT
89805 64911 1341104470 MT
331965 331967 1341104489 MT
325915 325916 1341104491 MT
325915 325915 1341104491 MT
203358 42514 1341104515 MT
203358 42514 1341104515 RE
80101 46842 1341104630 MT
2733 21469 1341104708 MT
2733 21469 1341104719 MT
331967 331965 1341104791 RT
331967 331967 1341104791 MT
383669 54200 1341104812 RT
235957 38224 1341104973 MT
149403 235556 1341105016 MT
149403 235556 1341105016 RE
197097 519 1341105211 RT
416098 3604 1341105342 RT
185901 2417 1341105364 MT
331320 331320 1341105487 MT
64375 19604 1341105524 MT
64375 519 1341105524 MT
64375 19604 1341105575 MT
64375 519 1341105575 MT
213163 213163 1341105766 MT
213163 223789 1341105766 MT
196145 6695 1341105910 MT
196145 6695 1341105910 RE
196145 30578 1341105910 MT
424732 677 1341106079 MT
424732 677 1341106079 RE
424732 26139 1341106079 MT
168554 142366 1341106397 MT
104498 123091 1341106439 MT
318838 302130 1341106501 RT
197061 88 1341106510 MT
197061 197061 1341106510 MT
197061 197061 1341106510 RE
197061 220 1341106510 MT
446328 5411 1341106547 RT
75470 4665 1341106591 RT
75470 3604 1341106591 MT
50295 50218 1341106676 RT
38819 33833 1341106736 RT
38819 50218 1341106765 RT
130621 3024 1341106816 RT
247674 519 1341106893 RT
33833 50231 1341106983 MT
33833 50231 1341106983 RE
114351 2687 1341107042 RT
195886 8 1341107090 RT
50222 33833 1341107096 RT
50231 33833 1341107268 MT
50231 33833 1341107268 RE
120250 2417 1341107320 MT
46996 33833 1341107718 RT
34790 120250 1341107906 RT
34790 2417 1341107906 MT
88078 8 1341108050 MT
207707 13812 1341108247 RT
162386 69340 1341108319 RT
43332 43332 1341108467 MT
43332 43332 1341108534 MT
43332 43332 1341108564 MT
445899 519 1341108571 RT
9229 3066 1341108602 MT
9229 3066 1341108602 RE
59343 3604 1341108729 MT
250401 3604 1341108779 MT
250401 59343 1341108779 RT
432622 3604 1341108852 MT
432622 59343 1341108852 RT
82732 3209 1341108947 RT
295958 295959 1341109102 MT
147510 3604 1341109157 MT
147510 59343 1341109157 RT
6669 9192 1341109291 RT
294403 3604 1341109358 MT
294403 59343 1341109358 RT
3066 9192 1341109376 RT
199121 9192 1341109477 RT
150805 19426 1341109596 MT
150805 8425 1341109596 MT
150805 8425 1341109596 RE
175283 3604 1341109631 MT
175283 59343 1341109631 RT
190062 3604 1341109690 MT
190062 59343 1341109690 RT
133812 9192 1341109717 MT
33463 8 1341109784 RT
54873 25115 1341109856 RT
146847 8 1341109862 RT
321340 321341 1341109967 MT
321340 321341 1341109967 RE
38517 193315 1341110159 RT
165978 2288 1341110325 MT
165978 2288 1341110325 RE
47517 7117 1341110457 RT