223789 213163 1341100972 MT
223789 213163 1341100972 RE
376989 50329 1341101181 RT
26375 168366 1341101183 MT
376989 13813 1341101192 RT
453850 8 1341101208 RT
422097 8 1341101251 MTr
99258 50329 1341101263 RT
184615 364376 1341101523 MT
184615 364376 1341101523 RE
184615 364375 1341101523 MT
92153 60337 1341101596 MT
75083 84647 1341101732 RT
75083 42182 1341101732 MT
364376 184615 1341101750 MT
364376 184615 1341101750 RE
442071 26139 1341101834 MT
163149 2417 1341101861 MT
33946 2417 1341101892 MT
10284 33946 1341102030 MT
10284 2417 1341102030 MT
325821 8 1341102141 RT
176481 2417 1341102251 MT
222533 38224 1341102286 MT
380338 519 1341102458 MT
5393 26637 1341102663 MT
5393 5393 1341102663 MT
104321 238279 1341102794 RT
408376 8 1341102802 RT
4665 92153 1341102864 MT
325916 325915 1341103100 MT
325916 325915 1341103100 RE
325915 325916 1341103149 MT
325915 325915 1341103149 MT
247125 463 1341103262 RT
325916 325915 1341103328 MT
325916 325915 1341103328 RE
224480 93318 1341103333 RT
50219 4665 1341103424 MT
50219 92153 1341103424 MT
205864 244881 1341103442 MT
205864 244881 1341103442 RE
47619 8 1341103646 RT
132827 26139 1341103664 MT
93269 93306 1341103681 MT
134554 33946 1341103868 RT
134554 2417 1341103868 MT
300856 18038 1341104008 MT
300856 18038 1341104008 RE
300856 511 1341104008 MT
206362 64911 1341104114 RT
18626 26375 1341104206 MT
168365 26375 1341104222 MT
89805 64911 1341104470 MT
331965 331967 1341104489 MT
325915 325916 1341104491 MT
325915 325915 1341104491 MT
203358 42514 1341104515 MT
203358 42514 1341104515 RE
80101 46842 1341104630 MT
2733 21469 1341104708 MT
2733 21469 1341104719 MT
331967 331965 1341104791 RT
331967 331967 1341104791 MT
383669 54200 1341104812 RT
235957 38224 1341104973 MT
149403 235556 1341105016 MT
149403 235556 1341105016 RE
197097 519 1341105211 RT
416098 3604 1341105342 RT
185901 2417 1341105364 MT
331320 331320 1341105487 MT
64375 19604 1341105524 MT
64375 519 1341105524 MT
64375 19604 1341105575 MT
64375 519 1341105575 MT
213163 213163 1341105766 MT
213163 223789 1341105766 MT
196145 6695 1341105910 MT
196145 6695 1341105910 RE
196145 30578 1341105910 MT
424732 677 1341106079 MT
424732 677 1341106079 RE
424732 26139 1341106079 MT
168554 142366 1341106397 MT
104498 123091 1341106439 MT
318838 302130 1341106501 RT
197061 88 1341106510 MT
197061 197061 1341106510 MT
197061 197061 1341106510 RE
197061 220 1341106510 MT
446328 5411 1341106547 RT
75470 4665 1341106591 RT
75470 3604 1341106591 MT
50295 50218 1341106676 RT
38819 33833 1341106736 RT
38819 50218 1341106765 RT
130621 3024 1341106816 RT
247674 519 1341106893 RT
33833 50231 1341106983 MT
33833 50231 1341106983 RE
114351 2687 1341107042 RT
195886 8 1341107090 RT
50222 33833 1341107096 RT
50231 33833 1341107268 MT
50231 33833 1341107268 RE
120250 2417 1341107320 MT
46996 33833 1341107718 RT
34790 120250 1341107906 RT
34790 2417 1341107906 MT
88078 8 1341108050 MT
207707 13812 1341108247 RT
162386 69340 1341108319 RT
43332 43332 1341108467 MT
43332 43332 1341108534 MT
43332 43332 1341108564 MT
445899 519 1341108571 RT
9229 3066 1341108602 MT
9229 3066 1341108602 RE
59343 3604 1341108729 MT
250401 3604 1341108779 MT
250401 59343 1341108779 RT
432622 3604 1341108852 MT
432622 59343 1341108852 RT
82732 3209 1341108947 RT
295958 295959 1341109102 MT
147510 3604 1341109157 MT
147510 59343 1341109157 RT
6669 9192 1341109291 RT
294403 3604 1341109358 MT
294403 59343 1341109358 RT
3066 9192 1341109376 RT
199121 9192 1341109477 RT
150805 19426 1341109596 MT
150805 8425 1341109596 MT
150805 8425 1341109596 RE
175283 3604 1341109631 MT
175283 59343 1341109631 RT
190062 3604 1341109690 MT
190062 59343 1341109690 RT
133812 9192 1341109717 MT
33463 8 1341109784 RT
54873 25115 1341109856 RT
146847 8 1341109862 RT
321340 321341 1341109967 MT
321340 321341 1341109967 RE
38517 193315 1341110159 RT
165978 2288 1341110325 MT
165978 2288 1341110325 RE
47517 7117 1341110457 RT
121932 7117 1341110468 RT
6645 73370 1341110672 RT
87074 7117 1341110957 RT
9231 3024 1341110958 RT
184805 26139 1341110971 MT
107640 131873 1341111092 RT
97154 7117 1341111093 RT
364376 184615 1341111244 RT
174754 2288 1341111247 MT
174754 2288 1341111247 RE
10367 170707 1341111370 RT
281951 170862 1341111580 RT
281951 11991 1341111580 MT
186184 66383 1341111612 MT
186184 70301 1341111612 MT
186184 70301 1341111612 RE
437786 226803 1341111674 MT
437786 226803 1341111674 RE
226803 226803 1341111706 MT
226803 437786 1341111706 MT
66383 186184 1341111775 MT
66383 66383 1341111775 MT
66383 70301 1341111775 MT
93337 9192 1341111827 RT
70301 186184 1341111839 MT
70301 186184 1341111839 RE
70301 66383 1341111839 MT
357642 519 1341111879 RT
449329 2417 1341112104 MT
84112 2417 1341112120 MT
296524 8 1341112376 RT
196130 47499 1341112410 MT
196130 47499 1341112410 RE
93252 6682 1341112567 RT
6672 73370 1341112643 RT
133111 133104 1341112753 RT
175719 133104 1341112755 RT
271995 73370 1341112823 RT
6701 93314 1341112852 RT
369148 3604 1341112968 MT
369148 59343 1341112968 RT
152027 8 1341113010 RT
62086 45382 1341113115 MT
62086 45382 1341113115 RE
182039 74294 1341113160 MT
182039 74294 1341113160 RE
242386 242386 1341113309 MT
376344 376345 1341113414 MT
376344 376345 1341113414 RE
47499 196130 1341113457 RT
47499 47499 1341113457 MT
183325 7216 1341113530 RT
296120 296119 1341113634 MT
296120 296119 1341113634 RE
296119 296120 1341113695 RT
296119 296119 1341113695 MT
6658 130621 1341113864 RT
137652 3604 1341113886 RT
315802 54200 1341114059 MT
64998 30225 1341114221 RT
64998 35376 1341114221 MT
105407 10269 1341114299 MT
109391 130621 1341114502 RT
288386 2417 1341114595 MT
28962 11597 1341114733 RT
67382 67382 1341114850 MT
93274 133437 1341114933 RT
6701 133437 1341114956 RT
207707 13812 1341114971 RT
176488 13813 1341115012 RT
265559 42178 1341115105 RT
285914 228311 1341115561 MT
285914 228311 1341115561 RE
93308 73367 1341115621 RT
229083 13627 1341115622 RT
105363 105364 1341115783 MT
105363 105364 1341115783 RE
120327 75458 1341115866 MT
75467 75458 1341115878 MT
75467 75458 1341115878 RE
228311 285914 1341115904 RT
228311 228311 1341115904 MT
52936 42178 1341115946 RT
52936 42178 1341115951 RT
16091 2417 1341116011 MT
195059 130621 1341116016 RT
5444 43367 1341116188 RT
143912 9192 1341116224 RT
285913 285914 1341116534 RT
285913 228311 1341116534 MT
165791 130621 1341116605 RT
119840 3604 1341116798 MT
202480 381222 1341116801 RT
160055 160055 1341116854 MT
86180 23440 1341116921 RT
391175 13813 1341117220 RT
6701 133435 1341117253 RT
170101 170103 1341117272 RT
93317 133435 1341117397 RT
15508 21543 1341117534 MT
15508 21543 1341117534 RE
29021 369760 1341117622 MT
279985 3604 1341117678 RT
75467 75458 1341117738 MT
75467 75458 1341117738 RE
73367 331 1341117855 MT
317429 3604 1341118009 RT
17172 85199 1341118073 MT
17172 85199 1341118073 RE
93321 133435 1341118129 RT
216483 9851 1341118325 MT
198298 294737 1341118391 MT
198298 294737 1341118391 RE
64911 88 1341118514 MT
404330 13813 1341118707 RT
319037 354622 1341118878 RT
374703 354622 1341118881 RT
454931 354622 1341118886 RT
431833 354622 1341118891 RT
431834 354622 1341118893 RT
445734 354622 1341118899 RT
3546 3546 1341119256 MT
132857 88 1341119346 MT
132857 64911 1341119346 RT
187903 2417 1341119598 MT
101238 35376 1341119649 RT
77058 8 1341119708 RT
351608 95871 1341119754 RT
430150 265187 1341120214 MT
430150 265187 1341120214 RE
45308 2417 1341120223 MT
180058 88 1341120580 RT
127808 6677 1341120835 RT
103447 88 1341120864 MT
103447 64911 1341120864 RT
6708 6640 1341120914 RT
101109 35376 1341121067 RT
16801 8 1341121164 RT
436094 122456 1341121239 RT
12510 1247 1341121409 MT
197357 9851 1341121546 MT
247581 12510 1341121634 RT
247581 1247 1341121634 MT
42179 42178 1341121656 RT
42179 42178 1341121661 RT
67503 2417 1341121730 MT
42180 88 1341121844 MT
42180 64911 1341121844 RT
42180 42178 1341121864 RT
42180 42178 1341121873 RT
414901 519 1341121987 RT
67517 67503 1341121989 RT
67517 2417 1341121989 MT
65919 67503 1341122011 RT
65919 2417 1341122011 MT
173138 109396 1341122040 MT
414901 62542 1341122197 RT
222663 22849 1341122212 RT
222663 38226 1341122212 MT
48344 404478 1341122214 MT
28866 67503 1341122245 RT
28866 2417 1341122245 MT
27983 64911 1341122379 MT
63144 35376 1341122463 MT
42418 37820 1341122475 MT
10335 9851 1341122643 MT
96537 42178 1341122646 RT
96537 42178 1341122658 RT
122193 383 1341122771 MT
130712 1988 1341122950 RT
53967 3604 1341122958 RT
209611 39422 1341122970 RT
153566 519 1341123028 RT
40819 37820 1341123035 MT
6677 73370 1341123290 RT
173728 1988 1341123422 MT
81181 17527 1341123513 MT
126658 37820 1341123583 MT
294547 241786 1341123665 MT
294547 241786 1341123665 RE
93336 131506 1341123722 RT
44726 9851 1341123783 MT
44726 216483 1341123783 RT
10381 162765 1341123916 MT
10381 162765 1341123916 RE
291390 67581 1341123938 MT
240985 119429 1341124160 RT
454953 1852 1341124220 RT
10381 162765 1341124378 MT
10381 162765 1341124378 RE
67868 115560 1341124597 MT
381704 8 1341124638 RT
149268 295866 1341124661 MT
149268 295866 1341124661 RE
27381 21469 1341124693 MT
27381 20 1341124693 MT
27381 50196 1341124693 MT
27381 50196 1341124693 RE
27381 51285 1341124693 MT
144996 519 1341124697 RT
6692 73370 1341124747 RT
295866 149268 1341124839 MT
295866 149268 1341124839 RE
42831 26139 1341125102 MT
297225 73973 1341125131 RT
425343 3604 1341125152 RT
166682 48526 1341125196 MT
166682 48526 1341125196 RE
343700 88846 1341125566 RT
242234 2417 1341125736 MT
413591 47756 1341125838 RT
170952 170707 1341125854 RT
139593 139598 1341125962 RT
124454 12510 1341125969 RT
124454 1247 1341125969 MT
199693 121293 1341126067 MT
199693 121293 1341126067 RE
199693 6642 1341126067 MT
89805 13813 1341126080 MT
329065 38224 1341126248 MT
378115 137174 1341126295 MT
378115 137174 1341126295 RE
428062 37820 1341126323 MT
9208 7117 1341126347 RT
29343 21203 1341126524 MT
29343 21203 1341126524 RE
122529 42831 1341126561 RT
122529 26139 1341126561 MT
379331 8161 1341126652 RT
451768 1988 1341126671 RT
95728 173141 1341126762 RT
206392 42831 1341126847 RT
206392 26139 1341126847 MT
212156 7117 1341126898 RT
67371 3604 1341126934 RT
89807 3604 1341126985 RT
227321 126670 1341127041 MT
109527 88695 1341127096 RT
205787 383 1341127121 MT
137967 8 1341127241 MT
368677 519 1341127299 RT
50512 192414 1341127314 MT
50512 192414 1341127314 RE
344200 9851 1341127316 RT
192414 50512 1341127664 RT
192414 192414 1341127664 MT
351018 35376 1341127683 RT
13123 13808 1341127821 RT
128811 3604 1341127855 MT
305865 152912 1341128124 MT
305865 152912 1341128124 RE
342229 2417 1341128161 MT
23243 40130 1341128228 MT
232850 74583 1341128345 RT
243882 61107 1341128599 RT
109527 13808 1341128678 RT
61142 218973 1341128730 MT
61142 218973 1341128730 RE
104567 2417 1341128745 MT
232850 104567 1341128783 RT
232850 2417 1341128783 MT
47498 151486 1341128886 RT
47519 7117 1341129022 RT
218584 2417 1341129238 MT
405101 3604 1341129340 RT
31850 31850 1341129395 MT
375960 375961 1341129436 MT
48344 74363 1341129628 MT
375960 375961 1341129704 MT
375960 375961 1341129704 RE
146642 29233 1341129863 MT
191794 9851 1341129933 MT
330158 54200 1341129953 MT
24343 2156 1341129973 MT
50910 553 1341130009 RT
119553 2156 1341130146 RT
166174 22849 1341130156 RT
166174 38226 1341130156 MT
10241 553 1341130326 RT
279316 2156 1341130396 RT
10343 2156 1341130436 RT
81105 2156 1341130468 RT
13790 8209 1341130597 MT
13790 8209 1341130597 RE
58294 185597 1341130602 MT
442197 21606 1341130607 RT
105545 8209 1341130845 MT
105545 13790 1341130845 RT
77999 21606 1341130955 RT
193230 2156 1341130955 RT
26629 553 1341130964 RT
144499 81492 1341131392 RT
63839 21606 1341131500 RT
94830 2156 1341131597 MT
332827 21606 1341131826 RT
98453 2156 1341132067 MT
128727 38224 1341132138 MT
35170 121433 1341132207 MT
35170 121433 1341132207 RE
98453 2156 1341132209 MT
68223 2156 1341132360 RT
50962 47666 1341132408 MT
50962 47666 1341132408 RE
387335 47666 1341132467 RT
156846 2156 1341132512 MT
174750 214542 1341132517 RT
162639 21606 1341132549 RT
237987 519 1341132584 RT
425441 103549 1341133159 RT
13808 92274 1341133192 MT
13808 92274 1341133192 RE
164745 14825 1341133217 MT
164745 14825 1341133217 RE
14825 164745 1341133236 MT
14825 164745 1341133236 RE
89805 42182 1341133281 MT
432626 21606 1341133319 RT
93314 39089 1341133435 MT
93314 39089 1341133435 RE
250231 1286 1341133914 MT
189328 519 1341134076 RT
433504 2156 1341134161 RT
189328 519 1341134211 RT
378310 8 1341134318 RT
208279 208279 1341134346 MT
160819 189332 1341134517 MT
21006 29233 1341134644 MT
59000 93171 1341134771 RT
168424 519 1341134787 RT
137174 378115 1341134873 RT
137174 137174 1341134873 MT
2149 9304 1341134925 RT
183496 26136 1341134946 RT
38937 148719 1341135046 RT
93171 88 1341135058 RT
2303 11876 1341135171 RT
18966 2156 1341135248 MT
374809 46754 1341135250 RT
315402 47666 1341135307 RT
204518 282673 1341135378 MT
295959 295958 1341135467 RT
295959 295959 1341135467 MT
126814 519 1341135617 MT
56426 50329 1341135624 RT
381956 47666 1341135750 RT
57623 194990 1341135985 MT
39089 6643 1341136157 RT
443983 2156 1341136330 RT
36970 519 1341136373 RT
198128 7117 1341136445 MT
198128 7117 1341136445 RE
206392 129505 1341136494 MT
206392 129505 1341136494 RE
147717 5438 1341136570 RT
129505 206392 1341136830 RT
129505 129505 1341136830 MT
132125 35376 1341136910 MT
48344 117742 1341137109 MT
67515 67503 1341137202 MT
30030 12567 1341137220 MT
122190 9851 1341137225 MT
122190 10335 1341137225 RT
194069 406342 1341137229 RT
314449 21606 1341137322 RT
87397 87400 1341137494 RT
43515 2417 1341137654 MT
439 13808 1341137681 MT
439 13808 1341137681 RE
92274 13808 1341137689 MT
92274 13808 1341137689 RE
182906 64911 1341137898 RT
95848 6704 1341138017 MT
95848 6704 1341138017 RE
95848 163487 1341138017 MT
252235 8 1341138056 RT
115818 43515 1341138204 RT
115818 2417 1341138204 MT
6704 6704 1341138259 MT
6704 163487 1341138259 MT
6704 95848 1341138259 RT
124904 2156 1341138306 RT
144338 42909 1341138376 MT
144338 93165 1341138376 MT
214087 2417 1341138397 MT
255850 88078 1341138548 RT
255850 8 1341138548 MT
17283 5438 1341138570 RT
378115 137174 1341138605 MT
378115 137174 1341138605 RE
162268 2156 1341138666 MT
124379 194069 1341138825 RT
6704 6674 1341138845 MT
6704 6674 1341138845 RE
6704 6696 1341138845 MT
6704 6674 1341138919 MT
6704 6674 1341138919 RE
6704 6696 1341138919 MT
101209 5438 1341139035 RT
420585 420585 1341139115 MT
76165 87449 1341139171 RT
376345 376344 1341139199 MT
376345 376344 1341139199 RE
147228 5438 1341139237 RT
32806 4129 1341139310 MT
32806 4129 1341139310 RE
145408 87449 1341139381 RT
364196 383 1341139410 MT
314411 383 1341139426 MT
113078 87449 1341139481 RT
60049 29233 1341139512 MT
29559 519 1341139537 RT
110577 154291 1341139579 RT
206362 88 1341139590 MT
206362 64911 1341139590 RT
199695 130621 1341139647 RT
185735 88 1341139723 RT
185735 88 1341139729 RT
185735 54070 1341139729 MT
101816 2911 1341139772 RT
11047 67260 1341139775 MT
11047 67260 1341139775 RE
135265 120250 1341139793 RT
2912 2911 1341139884 RT
58994 383 1341139940 MT
1054 720 1341140008 MT
1054 720 1341140008 RE
206362 2156 1341140010 MT
206362 13808 1341140029 RT
358677 47666 1341140228 RT
298559 383 1341140297 MT
409329 5438 1341140451 RT
357068 405863 1341140592 MT
202619 383 1341140638 MT
405863 405863 1341140771 MT
405863 357068 1341140771 RT
269340 46754 1341140873 RT
435071 405863 1341140896 MT
435071 357068 1341140896 MT
182043 94836 1341140924 MT
405863 405863 1341140949 MT
405863 357068 1341140949 MT
405863 435071 1341140949 RT
16770 22512 1341140996 RT
404613 404614 1341141041 MT
283614 3604 1341141242 RT
93293 133435 1341141324 RT
71729 463 1341141446 MT
368430 3604 1341141589 RT
37265 2517 1341141684 RT
143977 143977 1341141806 MT
216602 5438 1341141862 RT
343295 2156 1341141999 RT
145888 43515 1341142036 RT
145888 2417 1341142036 MT
254611 131506 1341142050 RT
189955 2911 1341142306 RT
77982 5438 1341142342 RT
324955 88 1341142418 MT
324955 324955 1341142418 MT
324955 324955 1341142418 RE
324955 1881 1341142418 MT
324955 64893 1341142490 MT
324955 88 1341142490 MT
324955 19604 1341142490 MT
324955 1881 1341142490 MT
324955 43742 1341142490 MT
324955 126291 1341142490 MT
82461 68419 1341142510 RT
142992 245362 1341142626 RT
93339 2156 1341142694 MT
329762 329763 1341142749 RT
265813 265816 1341142779 MT
265813 265813 1341142779 MT
145888 244067 1341142808 RT
77058 87449 1341142840 RT
295882 2156 1341142892 RT
158315 22512 1341142897 RT
198589 138242 1341142911 MT
64413 153760 1341142998 MT
64413 153760 1341142998 RE
88540 519 1341143007 RT
111821 38432 1341143127 MT
111821 38432 1341143127 RE
319542 344522 1341143134 MT
386251 1988 1341143181 RT
386251 9704 1341143207 RT
386251 103549 1341143251 RT
344524 319542 1341143261 MT
344524 344522 1341143261 MT
42289 43515 1341143466 MT
42289 2417 1341143466 MT
57114 57114 1341143477 MT
106209 175410 1341143514 RT
255320 176054 1341143545 MT
255320 176054 1341143545 RE
59173 35376 1341143735 RT
317866 3393 1341143825 MT
317866 3393 1341143825 RE
11135 6790 1341144076 MT
1912 5438 1341144148 RT
37361 383 1341144282 MT
152500 677 1341144310 MT
152500 677 1341144310 RE
16970 2417 1341144326 MT
122106 279929 1341144391 MT
122106 279929 1341144391 RE
28829 6790 1341144394 MT
28829 11135 1341144394 RT
54755 23336 1341144453 RT
14164 6790 1341144461 MT
14164 11135 1341144461 RT
320599 519 1341144533 RT
80077 80084 1341144538 MT
68498 6790 1341144601 MT
68498 11135 1341144601 RT
28829 216 1341144620 MT
28829 216 1341144620 RE
223125 13808 1341144799 RT
212560 17871 1341144813 RT
82741 17871 1341144830 RT
100771 17871 1341144838 RT
246346 519 1341144893 RT
395476 220 1341144900 MT
395476 220 1341144900 RE
26238 17871 1341144938 RT
44784 17871 1341144969 RT
193112 17871 1341145012 RT
369224 17871 1341145064 RT
272570 272569 1341145102 RT
3172 2911 1341145175 RT
205945 17871 1341145225 RT
223818 3549 1341145274 MT
223818 3549 1341145274 RE
82142 17871 1341145315 RT
242261 17871 1341145324 RT
23713 2247 1341145331 MT
369224 17871 1341145351 RT
786 17871 1341145386 MT
10053 39422 1341145470 RT
204518 93335 1341145519 RT
162855 39422 1341145557 RT
223143 157500 1341145562 MT
223143 157500 1341145562 RE
373751 332060 1341145596 MT
373751 332060 1341145596 RE
122729 14721 1341145624 MT
122729 14721 1341145624 RE
50218 35376 1341145673 MT
112667 79983 1341145674 RT
31187 50910 1341145796 RT
149824 15538 1341145804 RT
344524 319542 1341145858 MT
344524 344522 1341145858 MT
253094 319542 1341145895 RT
253094 344522 1341145895 MT
197357 17871 1341145923 RT
375960 375961 1341146136 MT
375960 375961 1341146136 RE
118375 6790 1341146162 RT
26251 17871 1341146262 RT
180597 47499 1341146448 MT
180597 150525 1341146448 MT
60845 191618 1341146666 RT
404614 404613 1341146690 RT
404614 404614 1341146690 MT
11223 17871 1341146720 MT
11223 17871 1341146720 RE
126500 11286 1341146730 RT
48344 22703 1341146834 MT
106217 383 1341146920 MT
73725 191618 1341146990 RT
80084 80077 1341146990 RT
80084 80084 1341146990 MT
51177 13808 1341147070 MT
80084 80077 1341147087 MT
80084 80077 1341147087 RE
154584 39101 1341147112 RT
118365 6790 1341147120 MT
118365 6790 1341147120 RE
178337 216 1341147157 MT
178337 216 1341147157 RE
10179 9903 1341147174 MT
10179 9903 1341147174 RE
116323 30228 1341147268 MT
118370 6790 1341147301 MT
319542 253094 1341147382 MT
319542 253094 1341147382 RE
319542 344522 1341147382 MT
432624 677 1341147539 MT
432624 677 1341147539 RE
242386 258313 1341147613 MT
242386 258313 1341147613 RE
258313 242386 1341147623 MT
258313 258313 1341147623 MT
326051 30228 1341147656 MT
326051 116323 1341147656 RT
396668 396669 1341147692 MT
396668 396669 1341147692 RE
89805 12751 1341147692 MT
447633 447398 1341147713 MT
447633 447398 1341147713 RE
87330 87400 1341147729 RT
135555 180570 1341147731 RT
266557 189779 1341147816 MT
266557 189779 1341147816 RE
95586 180570 1341147816 RT
84647 13808 1341147862 MT
396669 396668 1341147865 MT
396669 396668 1341147865 RE
95697 180570 1341147897 RT
189779 266557 1341147898 MT
189779 266557 1341147898 RE
191607 87400 1341147925 RT
70057 9903 1341148040 RT
148237 14577 1341148044 MT
130757 13812 1341148072 RT
50910 8209 1341148106 MT
320134 183099 1341148200 RT
47223 17866 1341148220 MT
76273 29756 1341148254 MT
76273 29756 1341148254 RE
287954 8 1341148341 MT
227558 14476 1341148359 RT
130791 786 1341148385 RT
130791 17871 1341148385 MT
152400 13809 1341148555 RT
64987 35376 1341148584 MT
51241 12751 1341148643 MT
51241 89805 1341148643 RT
51241 12751 1341148652 MT
11050 214138 1341148673 MT
107743 51241 1341148728 RT
107743 12751 1341148728 MT
447633 447398 1341148805 MT
447633 447398 1341148805 RE
320089 2417 1341148937 MT
20358 88277 1341148943 RT
329011 41733 1341149021 RT
329011 37820 1341149021 MT
416515 1276 1341149040 MT
198639 93165 1341149058 MT
187918 2417 1341149114 MT
33728 33737 1341149150 MT
42913 5438 1341149258 RT
6338 6338 1341149278 MT
51856 6338 1341149293 MT
329388 13811 1341149489 RT
42850 13809 1341149618 RT
381414 13811 1341149693 RT
11029 214138 1341149735 MT
170925 288089 1341149761 RT
18987 9682 1341149955 MT
46056 28996 1341149958 RT
126734 28996 1341150074 RT
94269 94869 1341150339 RT
415407 50512 1341150372 RT
415407 192414 1341150372 MT
260375 288408 1341150412 MT
260375 288408 1341150412 RE
82679 53351 1341150457 RT
279983 121548 1341150503 RT
231918 50867 1341150525 RT
288408 260375 1341150531 MT
288408 260375 1341150531 RE
343677 50867 1341150554 RT
26486 88 1341150596 MT
68391 90718 1341150600 RT
270513 677 1341150674 MT
270513 677 1341150674 RE
83622 81190 1341150692 RT
208997 50329 1341150805 RT
424239 93032 1341150810 RT
204111 90718 1341150878 RT
364295 121548 1341150917 RT
100414 519 1341150957 MT
100414 519 1341150958 RT
154573 5411 1341150959 MT
100414 17871 1341150969 RT
437923 8 1341151018 RT
60201 88 1341151033 MT
60201 26486 1341151033 RT
42137 88 1341151234 MT
42137 26486 1341151234 RT
31140 70037 1341151295 MT
369752 13809 1341151390 RT
198924 2156 1341151449 RT
43352 28996 1341151468 RT
211701 110933 1341151588 RT
9288 9288 1341151638 MT
9288 9288 1341151638 RE
149737 17939 1341151664 RT
122939 677 1341151729 MT
122939 677 1341151729 RE
340007 121548 1341151753 RT
42335 17939 1341151767 RT
107376 21606 1341151773 RT
35619 160420 1341151782 RT
162085 100414 1341151807 RT
162085 519 1341151807 MT
92688 15538 1341151810 RT
206362 13811 1341151844 RT
100306 9288 1341151860 RT
184623 122939 1341152068 MT
359385 1221 1341152125 RT
92688 13811 1341152186 RT
341759 33116 1341152190 RT
264063 9288 1341152216 RT
452671 88 1341152236 MT
452671 26486 1341152236 RT
140301 17939 1341152239 RT
114456 349 1341152251 MT
114456 349 1341152251 RE
170141 88 1341152313 MT
170141 26486 1341152313 RT
233404 94869 1341152403 RT
213519 121548 1341152403 RT
71148 5438 1341152416 RT
174346 174346 1341152431 MT
174346 174346 1341152431 RE
403954 28996 1341152518 RT
19640 11135 1341152582 RT
195446 43515 1341152635 RT
195446 2417 1341152635 MT
100868 121991 1341152659 RT
232891 1221 1341152872 RT
207704 28996 1341152899 RT
295584 3604 1341152907 MT
295584 59343 1341152907 RT
83479 17939 1341153024 RT
77846 17939 1341153043 RT
265816 265816 1341153167 MT
265816 265813 1341153167 MT
265816 265813 1341153167 RT
24919 17939 1341153179 RT
128623 40684 1341153327 MT
128623 40684 1341153327 RE
369236 1221 1341153390 RT
17600 88 1341153392 MT
17600 26486 1341153392 RT
242840 17939 1341153408 RT
145287 73754 1341153457 MT
343201 100414 1341153465 MT
343201 100414 1341153465 RE
197427 73941 1341153510 MT
104541 42170 1341153668 MT
104541 42170 1341153668 RE
19643 6338 1341153680 MT
26072 17145 1341153802 MT
26072 37001 1341153802 MT
26072 37001 1341153802 RE
107585 50456 1341153895 RT
142454 73754 1341153901 MT
258313 242386 1341153946 RT
106221 383 1341154113 MT
220523 519 1341154195 MT
244043 26755 1341154266 MT
244043 26755 1341154266 RE
245202 19 1341154276 MT
245202 19 1341154276 RE
171145 17871 1341154341 RT
453801 88 1341154372 MT
387223 17871 1341154448 RT
309547 39422 1341154559 RT
188761 188761 1341154562 MT
11516 1813 1341154571 RT
43693 80214 1341154664 MT
30539 17871 1341154670 RT
18506 50947 1341154717 RT
211640 17939 1341154778 RT
187228 17939 1341154851 RT
89805 13808 1341154905 MT
23616 143494 1341154907 RT
23979 50947 1341154968 RT
276071 2417 1341155119 MT
341901 100414 1341155318 RT
164744 177050 1341155377 MT
236406 267310 1341155450 MT
46053 9161 1341155565 RT
217322 39084 1341155583 RT
51853 73608 1341155609 RT
4 88 1341155676 MT
4 26486 1341155676 RT
107619 7399 1341155688 RT
10269 7399 1341155690 RT
329291 88 1341155704 MT
329291 26486 1341155704 RT
59072 88 1341155705 MT
59072 26486 1341155705 RT
118970 88 1341155717 MT
118970 26486 1341155717 RT
450774 88 1341155737 MT
450774 26486 1341155737 RT
57648 3604 1341155745 MT
78347 88 1341155784 MT
78347 26486 1341155784 RT
48985 88 1341155792 MT
48985 26486 1341155792 RT
22566 88 1341155801 MT
22566 26486 1341155801 RT
51652 88 1341155803 MT
51652 26486 1341155803 RT
268170 88 1341155807 MT
268170 26486 1341155807 RT
37240 88 1341155814 MT
37240 26486 1341155814 RT
6999 88 1341155825 MT
6999 26486 1341155825 RT
7394 88 1341155827 MT
7394 26486 1341155827 RT
167 88 1341155827 MT
167 26486 1341155827 RT
209474 88 1341155833 MT
209474 26486 1341155833 RT
159983 88 1341155857 MT
159983 26486 1341155857 RT
77768 77778 1341155867 MT
77768 77778 1341155867 RE
159981 88 1341155872 MT
159981 26486 1341155872 RT
350200 88 1341155903 MT
350200 26486 1341155903 RT
28333 88 1341155911 MT
28333 26486 1341155911 RT
248971 88 1341155916 MT
248971 26486 1341155916 RT
255849 88 1341155918 MT
255849 26486 1341155918 RT
510 4 1341155918 MT
457 26486 1341155933 MT
143654 4 1341155943 MT
143654 510 1341155943 RT
95455 88 1341155954 MT
95455 26486 1341155954 RT
368867 4 1341155955 MT
368867 510 1341155955 RT
142644 88 1341155968 MT
142644 26486 1341155968 RT
40851 88 1341155990 MT
40851 26486 1341155990 RT
4319 88 1341156008 MT
4319 26486 1341156008 RT
152095 4 1341156052 MT
152095 510 1341156052 RT
22682 4 1341156052 MT
22682 510 1341156052 RT
219218 17939 1341156067 RT
14054 4 1341156071 MT
14054 510 1341156071 RT
170702 4 1341156072 MT
170702 510 1341156072 RT