223789 213163 1341100972 MT
213163 8 1341100972 MT
8 9 1341100972 MT
9 223789 1341100972 MT
4 5 1341100972 MT
5 6 1341100972 MT
6 7 1341100972 MT
7 4 1341100972 MT
14 15 1341100972 MT
15 16 1341100972 MT
16 17 1341100972 MT
17 14 1341100972 MT
24 25 1341100972 MT
25 26 1341100972 MT
26 27 1341100972 MT
27 24 1341100972 MT
314 315 1341100972 MT
315 316 1341100972 MT
316 317 1341100972 MT
317 314 1341100972 MT
223789 213163 1341100972 MT
213163 8 1341100972 MT
8 9 1341100972 MT
9 223789 1341100972 MT
223789 213163 1341100972 MT
213163 8 1341100972 MT
8 9 1341100972 MT
9 223789 1341100972 MT
223789 213163 1341100972 MT
223789 213163 1341100972 RE
376989 50329 1341101181 RT
26375 168366 1341101183 MT
376989 13813 1341101192 RT
453850 8 1341101208 RT
422097 8 1341101251 MT
99258 50329 1341101263 RT
184615 364376 1341101523 MT
184615 364376 1341101523 RE
184615 364375 1341101523 MT
92153 60337 1341101596 MT
75083 84647 1341101732 RT
75083 42182 1341101732 MT
364376 184615 1341101750 MT
364376 184615 1341101750 RE
442071 26139 1341101834 MT
163149 2417 1341101861 MT
33946 2417 1341101892 MT
10284 33946 1341102030 MT
10284 2417 1341102030 MT
325821 8 1341102141 RT
176481 2417 1341102251 MT
222533 38224 1341102286 MT
380338 519 1341102458 MT
5393 26637 1341102663 MT
5393 5393 1341102663 MT
104321 238279 1341102794 RT
408376 8 1341102802 RT
4665 92153 1341102864 MT
325916 325915 1341103100 MT
325916 325915 1341103100 RE
325915 325916 1341103149 MT
325915 325915 1341103149 MT
247125 463 1341103262 RT
325916 325915 1341103328 MT
325916 325915 1341103328 RE
224480 93318 1341103333 RT
50219 4665 1341103424 MT
50219 92153 1341103424 MT
205864 244881 1341103442 MT
205864 244881 1341103442 RE
47619 8 1341103646 RT
132827 26139 1341103664 MT
93269 93306 1341103681 MT
134554 33946 1341103868 RT
134554 2417 1341103868 MT
300856 18038 1341104008 MT
300856 18038 1341104008 RE
300856 511 1341104008 MT